object 0 0.08224508195542388 0.013785741263488721 11.927137421264021 flatSED/sed_flat.txt.gz 0 0 0 0 0 0 point none CCM 0 3.1
object 1 0.09694273644551635 0.07072109569168855 18.59382713633886 flatSED/sed_flat.txt.gz 0 0 0 0 0 0 point none CCM 0 3.1
object 2 -0.07954355308891672 0.06305704421569336 18.235271982454 flatSED/sed_flat.txt.gz 0 0 0 0 0 0 point none CCM 0 3.1
object 3 0.013841468314483768 -0.07987784929190421 13.798196225163988 flatSED/sed_flat.txt.gz 0 0 0 0 0 0 point none CCM 0 3.1
object 4 -0.06917710400707243 -0.012150967724841102 13.819352669176526 flatSED/sed_flat.txt.gz 0 0 0 0 0 0 point none CCM 0 3.1
object 5 0.08646659072390914 -0.04312201961439517 17.648908144129436 flatSED/sed_flat.txt.gz 0 0 0 0 0 0 point none CCM 0 3.1
object 6 0.07459455927322298 0.0798351760047151 10.216003552184947 flatSED/sed_flat.txt.gz 0 0 0 0 0 0 point none CCM 0 3.1
object 7 0.025004466333626907 0.01085890532163028 12.484873591249961 flatSED/sed_flat.txt.gz 0 0 0 0 0 0 point none CCM 0 3.1
object 8 -0.01053159499702501 -0.0030909727316497937 17.7258316843154 flatSED/sed_flat.txt.gz 0 0 0 0 0 0 point none CCM 0 3.1
object 9 -0.03200809117713481 0.05047991799149304 13.284843201761642 flatSED/sed_flat.txt.gz 0 0 0 0 0 0 point none CCM 0 3.1
object 10 0.010600607680777335 0.02945362893206066 15.205972918133522 flatSED/sed_flat.txt.gz 0 0 0 0 0 0 point none CCM 0 3.1
object 11 0.07653043398286932 0.035684267666020564 11.26939067248894 flatSED/sed_flat.txt.gz 0 0 0 0 0 0 point none CCM 0 3.1
object 12 -0.028510416454604753 -0.07006175440880331 14.251117144037384 flatSED/sed_flat.txt.gz 0 0 0 0 0 0 point none CCM 0 3.1
object 13 0.08182031913577961 -0.07448302672564898 10.53102561322212 flatSED/sed_flat.txt.gz 0 0 0 0 0 0 point none CCM 0 3.1
object 14 -0.036703702973994765 0.04159087218226515 19.992898660072 flatSED/sed_flat.txt.gz 0 0 0 0 0 0 point none CCM 0 3.1
object 15 0.05568840690961399 0.06066061674725956 19.54086806242986 flatSED/sed_flat.txt.gz 0 0 0 0 0 0 point none CCM 0 3.1
object 16 -0.07148213577724614 0.05645286267054797 15.194154116606338 flatSED/sed_flat.txt.gz 0 0 0 0 0 0 point none CCM 0 3.1
object 17 0.018030012261659206 0.0688804888684125 17.481675392553758 flatSED/sed_flat.txt.gz 0 0 0 0 0 0 point none CCM 0 3.1
object 18 -0.046885229165812975 0.029119096744548573 10.987846104276128 flatSED/sed_flat.txt.gz 0 0 0 0 0 0 point none CCM 0 3.1
object 19 0.09077356934389974 -0.04240882264996873 15.319182396234838 flatSED/sed_flat.txt.gz 0 0 0 0 0 0 point none CCM 0 3.1
object 20 -0.04757069568955483 0.09471277036614886 11.094483768231715 flatSED/sed_flat.txt.gz 0 0 0 0 0 0 point none CCM 0 3.1
object 21 -0.056428015435812245 0.002388049436511136 13.202481094033036 flatSED/sed_flat.txt.gz 0 0 0 0 0 0 point none CCM 0 3.1
object 22 -0.04325288278491746 0.011645248886733392 13.810368816604658 flatSED/sed_flat.txt.gz 0 0 0 0 0 0 point none CCM 0 3.1
object 23 0.09489477156071838 0.057624127265250985 18.991675477067815 flatSED/sed_flat.txt.gz 0 0 0 0 0 0 point none CCM 0 3.1
object 24 0.06089742901823855 -0.04237988608825434 12.227806125486097 flatSED/sed_flat.txt.gz 0 0 0 0 0 0 point none CCM 0 3.1
object 25 0.08826503316945378 -0.014293959524349864 18.559569626416454 flatSED/sed_flat.txt.gz 0 0 0 0 0 0 point none CCM 0 3.1
object 26 0.02318263576353459 -0.01035430593035809 19.834434867141653 flatSED/sed_flat.txt.gz 0 0 0 0 0 0 point none CCM 0 3.1
object 27 0.06158605125163069 0.07948656515409655 19.026428161929317 flatSED/sed_flat.txt.gz 0 0 0 0 0 0 point none CCM 0 3.1
object 28 -0.021916510733996253 -0.001745177567129469 18.143495734938206 flatSED/sed_flat.txt.gz 0 0 0 0 0 0 point none CCM 0 3.1
object 29 -0.020741222535070963 -0.019883572977775918 13.167828005782347 flatSED/sed_flat.txt.gz 0 0 0 0 0 0 point none CCM 0 3.1
object 30 0.05336124421829702 0.05481771916590644 10.248646449619853 flatSED/sed_flat.txt.gz 0 0 0 0 0 0 point none CCM 0 3.1
object 31 0.03519216039608011 -0.0803809162835571 18.35867446460063 flatSED/sed_flat.txt.gz 0 0 0 0 0 0 point none CCM 0 3.1
object 32 0.04776738135262515 0.061520334252909786 17.47278067944186 flatSED/sed_flat.txt.gz 0 0 0 0 0 0 point none CCM 0 3.1
object 33 -0.07371610533896661 -0.055753030904461355 12.57513628567877 flatSED/sed_flat.txt.gz 0 0 0 0 0 0 point none CCM 0 3.1
object 34 -0.030192539998274162 0.07546899398620718 18.9672754844592 flatSED/sed_flat.txt.gz 0 0 0 0 0 0 point none CCM 0 3.1
object 35 0.06029925666831851 -0.08606244081069024 11.01034629370719 flatSED/sed_flat.txt.gz 0 0 0 0 0 0 point none CCM 0 3.1
object 36 -0.018421042713661254 -0.04855192167491656 14.187824737152106 flatSED/sed_flat.txt.gz 0 0 0 0 0 0 point none CCM 0 3.1
object 37 0.029251746760230152 0.09089414291925343 18.994043091996236 flatSED/sed_flat.txt.gz 0 0 0 0 0 0 point none CCM 0 3.1
object 38 -0.04511647497669431 0.005871230367047134 18.402759958082704 flatSED/sed_flat.txt.gz 0 0 0 0 0 0 point none CCM 0 3.1
object 39 -0.08480831574510868 -0.0727312018696728 13.665604514729921 flatSED/sed_flat.txt.gz 0 0 0 0 0 0 point none CCM 0 3.1
object 40 0.03121654222092554 -0.018020825658719625 16.13563985402879 flatSED/sed_flat.txt.gz 0 0 0 0 0 0 point none CCM 0 3.1
object 41 0.006739778164577784 -0.03366186332050994 17.647370023891384 flatSED/sed_flat.txt.gz 0 0 0 0 0 0 point none CCM 0 3.1
object 42 -0.0468993337512855 -0.02839285728619738 13.147342826078098 flatSED/sed_flat.txt.gz 0 0 0 0 0 0 point none CCM 0 3.1
object 43 0.02466182521736668 0.07620330518953278 15.159880856783545 flatSED/sed_flat.txt.gz 0 0 0 0 0 0 point none CCM 0 3.1
object 44 -0.08474776242129692 -0.0655203867489314 13.643440821241342 flatSED/sed_flat.txt.gz 0 0 0 0 0 0 point none CCM 0 3.1
object 45 0.034597070916938755 0.05273684335510437 18.072271518581623 flatSED/sed_flat.txt.gz 0 0 0 0 0 0 point none CCM 0 3.1
object 46 -0.09396762756553223 -0.008451690462847702 14.97542596964601 flatSED/sed_flat.txt.gz 0 0 0 0 0 0 point none CCM 0 3.1
object 47 0.025085501651375602 -0.042440493812951056 10.707923393270608 flatSED/sed_flat.txt.gz 0 0 0 0 0 0 point none CCM 0 3.1
object 48 -0.02807101450856067 -0.0642117725651263 16.622922980306324 flatSED/sed_flat.txt.gz 0 0 0 0 0 0 point none CCM 0 3.1
object 49 -0.025588736730905517 -0.05673214054634079 19.514875101653516 flatSED/sed_flat.txt.gz 0 0 0 0 0 0 point none CCM 0 3.1
object 50 -0.06560130388997942 0.03809311674345314 11.995064927982646 flatSED/sed_flat.txt.gz 0 0 0 0 0 0 point none CCM 0 3.1
object 51 0.07071537317339169 -0.07543248252217048 13.417986396427235 flatSED/sed_flat.txt.gz 0 0 0 0 0 0 point none CCM 0 3.1
object 52 0.0031443229636358982 -0.005979775099423601 11.134429513850181 flatSED/sed_flat.txt.gz 0 0 0 0 0 0 point none CCM 0 3.1
object 53 0.035633179232438195 -0.017377207926662225 16.213845642633817 flatSED/sed_flat.txt.gz 0 0 0 0 0 0 point none CCM 0 3.1
object 54 -0.05508417113703504 0.018073921625936504 19.818494869894586 flatSED/sed_flat.txt.gz 0 0 0 0 0 0 point none CCM 0 3.1
object 55 -0.0224343967703889 -0.01588821663531559 16.311554232710456 flatSED/sed_flat.txt.gz 0 0 0 0 0 0 point none CCM 0 3.1
object 56 -0.06650987722158189 0.031866279141468584 18.640854517642858 flatSED/sed_flat.txt.gz 0 0 0 0 0 0 point none CCM 0 3.1
object 57 -0.016083809457172027 0.08549677821125565 10.033802473524867 flatSED/sed_flat.txt.gz 0 0 0 0 0 0 point none CCM 0 3.1
object 58 -0.008705895235872868 0.08246071038617506 17.07926247472986 flatSED/sed_flat.txt.gz 0 0 0 0 0 0 point none CCM 0 3.1
object 59 -0.051801254697345006 -0.08177971256948052 16.321106900448108 flatSED/sed_flat.txt.gz 0 0 0 0 0 0 point none CCM 0 3.1
object 60 0.022745708013032995 -0.0637238636806827 14.554341780955639 flatSED/sed_flat.txt.gz 0 0 0 0 0 0 point none CCM 0 3.1
object 61 -0.07051044928038366 0.048610789453343295 15.48870801201491 flatSED/sed_flat.txt.gz 0 0 0 0 0 0 point none CCM 0 3.1
object 62 -0.004142782570048187 0.09631740950795326 11.768495822729086 flatSED/sed_flat.txt.gz 0 0 0 0 0 0 point none CCM 0 3.1
object 63 0.029170995351954637 -0.04878381595766761 11.391913834823765 flatSED/sed_flat.txt.gz 0 0 0 0 0 0 point none CCM 0 3.1
object 64 -0.017933766776247473 0.004776642340168252 18.60808052680979 flatSED/sed_flat.txt.gz 0 0 0 0 0 0 point none CCM 0 3.1
object 65 0.013027191095647428 -0.06686628250426957 10.52542719790361 flatSED/sed_flat.txt.gz 0 0 0 0 0 0 point none CCM 0 3.1
object 66 -0.09235887436977624 0.07145145937482211 15.44715700613746 flatSED/sed_flat.txt.gz 0 0 0 0 0 0 point none CCM 0 3.1
object 67 0.0004889066725599217 0.04357558279820564 18.82102439793319 flatSED/sed_flat.txt.gz 0 0 0 0 0 0 point none CCM 0 3.1
object 68 -0.06200927168388318 -0.054296333048035876 11.2266474716256 flatSED/sed_flat.txt.gz 0 0 0 0 0 0 point none CCM 0 3.1
object 69 0.06678399433669768 -0.07631473874110234 11.372922677271822 flatSED/sed_flat.txt.gz 0 0 0 0 0 0 point none CCM 0 3.1
object 70 0.08943711373307714 0.012513655230918477 11.94194934199016 flatSED/sed_flat.txt.gz 0 0 0 0 0 0 point none CCM 0 3.1
object 71 0.07808732217185624 0.048666098669704144 13.01738880131743 flatSED/sed_flat.txt.gz 0 0 0 0 0 0 point none CCM 0 3.1
object 72 0.08961049429843101 0.04450571104478579 14.719300977954843 flatSED/sed_flat.txt.gz 0 0 0 0 0 0 point none CCM 0 3.1
object 73 0.012939582225367327 0.09471183887338638 10.22154224974836 flatSED/sed_flat.txt.gz 0 0 0 0 0 0 point none CCM 0 3.1
object 74 0.015409597096980046 0.07714368105444713 18.632469180731803 flatSED/sed_flat.txt.gz 0 0 0 0 0 0 point none CCM 0 3.1
object 75 -0.046476667471259406 0.09197151635024517 18.873883217035264 flatSED/sed_flat.txt.gz 0 0 0 0 0 0 point none CCM 0 3.1
object 76 0.04235515582749669 0.01846185404501241 16.740130581306758 flatSED/sed_flat.txt.gz 0 0 0 0 0 0 point none CCM 0 3.1
object 77 -0.07762655537320172 -0.03129907972174817 10.924934309418813 flatSED/sed_flat.txt.gz 0 0 0 0 0 0 point none CCM 0 3.1
object 78 -0.04652074157684898 -0.029073475353797215 11.85966905715366 flatSED/sed_flat.txt.gz 0 0 0 0 0 0 point none CCM 0 3.1
object 79 0.09571188672875364 -0.08023381006837178 12.275752736936527 flatSED/sed_flat.txt.gz 0 0 0 0 0 0 point none CCM 0 3.1
object 80 -0.053985579712320854 -0.0884509127336802 16.587678613524552 flatSED/sed_flat.txt.gz 0 0 0 0 0 0 point none CCM 0 3.1
object 81 0.09987813799978226 -0.0849764956177046 15.337319734160873 flatSED/sed_flat.txt.gz 0 0 0 0 0 0 point none CCM 0 3.1
object 82 -0.013812055196377487 0.03778911878879457 11.083166713601468 flatSED/sed_flat.txt.gz 0 0 0 0 0 0 point none CCM 0 3.1
object 83 -0.005664218322326969 -0.022815154809824906 10.551436813793716 flatSED/sed_flat.txt.gz 0 0 0 0 0 0 point none CCM 0 3.1
object 84 0.05408840495241729 -0.008287841515146166 16.535477605537206 flatSED/sed_flat.txt.gz 0 0 0 0 0 0 point none CCM 0 3.1
object 85 0.03824631214225091 -0.0700152272487546 10.48390483330847 flatSED/sed_flat.txt.gz 0 0 0 0 0 0 point none CCM 0 3.1
object 86 -0.009846701090650292 -0.08770645714430572 14.210105022443617 flatSED/sed_flat.txt.gz 0 0 0 0 0 0 point none CCM 0 3.1
object 87 -0.07560952491129014 0.09315794781195155 14.969764743589288 flatSED/sed_flat.txt.gz 0 0 0 0 0 0 point none CCM 0 3.1
object 88 0.07373012221980327 -0.0007108639799418004 14.26873821921868 flatSED/sed_flat.txt.gz 0 0 0 0 0 0 point none CCM 0 3.1
object 89 0.05924620614184062 0.017376174608400283 19.281162956148997 flatSED/sed_flat.txt.gz 0 0 0 0 0 0 point none CCM 0 3.1
object 90 -0.04467326227848892 0.02987916494043885 10.50847135913134 flatSED/sed_flat.txt.gz 0 0 0 0 0 0 point none CCM 0 3.1
object 91 -0.0703298252571326 0.04181087350613638 15.658354221509692 flatSED/sed_flat.txt.gz 0 0 0 0 0 0 point none CCM 0 3.1
object 92 0.06264954686981825 0.07876645514713188 19.60042627770691 flatSED/sed_flat.txt.gz 0 0 0 0 0 0 point none CCM 0 3.1
object 93 -0.0011249657914222944 -0.09884517088352032 13.299983416309221 flatSED/sed_flat.txt.gz 0 0 0 0 0 0 point none CCM 0 3.1
object 94 -0.08741903625949479 0.07284940364982748 10.864872771506358 flatSED/sed_flat.txt.gz 0 0 0 0 0 0 point none CCM 0 3.1
object 95 -0.010138223380582082 -0.014926389830895961 11.017028558795728 flatSED/sed_flat.txt.gz 0 0 0 0 0 0 point none CCM 0 3.1
object 96 0.012293396879470592 -0.008659081138194913 12.217849623241165 flatSED/sed_flat.txt.gz 0 0 0 0 0 0 point none CCM 0 3.1
object 97 0.012366073075165435 -0.05117649118420427 10.453846038583103 flatSED/sed_flat.txt.gz 0 0 0 0 0 0 point none CCM 0 3.1
object 98 0.03308344786584677 -0.09120746751557521 12.769889275080631 flatSED/sed_flat.txt.gz 0 0 0 0 0 0 point none CCM 0 3.1
object 99 0.010875713741819809 -0.07074102732323927 12.892028067266363 flatSED/sed_flat.txt.gz 0 0 0 0 0 0 point none CCM 0 3.1
